1375932039 804
1376399860 804
1376401620 806
1376401730 806
1376401889 806
1376402909 806
1376403129 806
1376408282 806
1376918966 806
1376926254 847
1376926321 853
1376926352 863
1376926440 873
1376926557 1059
1376928808 1125
1376930849 1154
1376931740 1151
1376932040 1167
1376934326 1199
1376934332 1219
1377263845 1276
1377264342 1374
1377449890 1374
1377450602 1476
1377450666 1494
1377451209 1504
1388344402 1505
1388344507 581
1388344532 586
1388345056 593
1388345217 627
1388345429 628
1388345507 666
1388345653 677
1388345831 677
1388356777 681
1388356824 690
1388356904 690
1388356964 729
1388362728 739
1388362770 766
1388362864 777
1388362918 784
1388363002 803
1388363113 805
1388363560 805
1388366131 796
1388366171 796
1388366202 838
1389053632 813
1389201378 1050
1389201467 1050
1389203688 1058
1389206126 1077
1389206391 1077
1389206457 1077
1389813571 1104
1389813957 1102
1390413858 12728
1391624121 12741
1392835586 12742
1392836965 26195
1392838519 26215
1392868696 26201
1393033199 27314
1393415933 27527
1393444381 27543
1395013433 27751
1395013880 29020
1395026120 29078
1395026240 29654
1395026422 29705
1395026449 29705
1395026597 29705
1395028028 29978
1395028064 30336
1395028187 30337
1395028234 30408
1395028657 30497
1395238344 30728
1395240173 30728
1395245903 30795
1395245928 30765
1395246502 30758
1395246600 30758
1395246874 30758
1395247933 30758
1395252122 30760
1395252388 30760
1395252518 30763
1395252648 30763
1395284683 30885
1395284776 30957
1395351012 30914
1395850478 30911
1395851628 30969
1395852079 30970
1396304007 31075
1396441081 31120
1396444537 31143
1396444556 31704
1396450713 31708
1396458838 31842
1396459219 31891
1396459416 31892
1396644409 39688
1397069285 39705
1398339671 39707
1398340274 39707
